% program   : RTKLIB ver.demo5 b34c
% inp file  : RAWX.pos
% inp file  : /Users/derekpickell/Documents/GitHub/GNSSProcess/tempData/RAWX.obs
% inp file  : /Users/derekpickell/Documents/GitHub/GNSSProcess/tempData/RAWX.nav
% obs start : 2021/12/29 00:16:29.0 GPST (week2190 260189.0s)
% obs end   : 2021/12/29 00:19:11.0 GPST (week2190 260351.0s)
% pos mode  : Single
% elev mask : 15.0 deg
% ionos opt : Broadcast
% tropo opt : Saastamoinen
% ephemeris : Broadcast
% navi sys  : GPS GLONASS
%
% (x/y/z-ecef=WGS84,Q=1:fix,2:float,3:sbas,4:dgps,5:single,6:ppp,ns=# of satellites)
%  GPST                      x-ecef(m)      y-ecef(m)      z-ecef(m)   Q  ns   sdx(m)   sdy(m)   sdz(m)  sdxy(m)  sdyz(m)  sdzx(m) age(s)  ratio
2021/12/29 00:16:29.000  -1800407.2110  -4498611.4994   4135715.5667   5   7   3.7838   4.5281   5.7121   2.6825  -3.5732   1.9427   0.00    0.0
2021/12/29 00:16:30.000  -1800407.9069  -4498611.1151   4135715.4769   5   7   3.7836   4.5283   5.7130   2.6824  -3.5737   1.9429   0.00    0.0
2021/12/29 00:16:31.000  -1800407.7918  -4498611.3861   4135715.9853   5   7   3.7834   4.5285   5.7139   2.6823  -3.5742   1.9432   0.00    0.0
2021/12/29 00:16:32.000  -1800408.4700  -4498611.4418   4135716.5004   5   7   3.7832   4.5287   5.7147   2.6822  -3.5747   1.9434   0.00    0.0
2021/12/29 00:16:33.000  -1800408.4576  -4498611.4827   4135716.4064   5   7   3.7830   4.5288   5.7156   2.6821  -3.5752   1.9436   0.00    0.0
2021/12/29 00:16:34.000  -1800408.5976  -4498610.5937   4135715.1689   5   7   3.7828   4.5290   5.7165   2.6820  -3.5757   1.9439   0.00    0.0
2021/12/29 00:16:35.000  -1800408.5972  -4498609.3396   4135713.0617   5   7   3.7826   4.5292   5.7173   2.6819  -3.5763   1.9441   0.00    0.0
2021/12/29 00:16:36.000  -1800408.2574  -4498611.8413   4135716.6246   5   7   3.7824   4.5294   5.7182   2.6819  -3.5768   1.9443   0.00    0.0
2021/12/29 00:16:37.000  -1800408.5978  -4498613.2565   4135719.0371   5   7   3.7822   4.5295   5.7191   2.6818  -3.5773   1.9445   0.00    0.0
2021/12/29 00:16:38.000  -1800408.8408  -4498613.6600   4135719.8017   5   7   3.7820   4.5297   5.7199   2.6817  -3.5778   1.9448   0.00    0.0
2021/12/29 00:16:39.000  -1800409.3216  -4498612.9078   4135718.8296   5   7   3.7818   4.5299   5.7208   2.6816  -3.5783   1.9450   0.00    0.0
2021/12/29 00:16:40.000  -1800409.5561  -4498614.6298   4135721.5823   5   7   3.7816   4.5301   5.7217   2.6815  -3.5788   1.9452   0.00    0.0
2021/12/29 00:16:41.000  -1800409.8054  -4498614.1311   4135721.0274   5   7   3.7814   4.5302   5.7226   2.6814  -3.5793   1.9455   0.00    0.0
2021/12/29 00:16:42.000  -1800409.9359  -4498614.1341   4135721.1910   5   7   3.7812   4.5304   5.7234   2.6813  -3.5798   1.9457   0.00    0.0
2021/12/29 00:16:43.000  -1800410.4227  -4498613.8290   4135720.9559   5   7   3.7810   4.5306   5.7243   2.6812  -3.5803   1.9459   0.00    0.0
2021/12/29 00:16:44.000  -1800410.9566  -4498613.4300   4135720.7596   5   7   3.7809   4.5308   5.7252   2.6811  -3.5808   1.9461   0.00    0.0
2021/12/29 00:16:45.000  -1800410.4957  -4498613.7573   4135720.6052   5   7   3.7807   4.5309   5.7260   2.6810  -3.5813   1.9464   0.00    0.0
2021/12/29 00:16:46.000  -1800410.2318  -4498614.0340   4135720.5693   5   7   3.7805   4.5311   5.7269   2.6810  -3.5818   1.9466   0.00    0.0
2021/12/29 00:16:47.000  -1800410.5177  -4498613.9272   4135720.7105   5   7   3.7803   4.5313   5.7278   2.6809  -3.5823   1.9468   0.00    0.0
2021/12/29 00:16:48.000  -1800409.7132  -4498614.5567   4135720.5899   5   7   3.7801   4.5315   5.7286   2.6808  -3.5828   1.9470   0.00    0.0
2021/12/29 00:17:29.000  -1800419.2965  -4498617.6893   4135728.5134   5   6   5.9508   5.5678   6.2970   4.6916  -4.6002  -2.8005   0.00    0.0
2021/12/29 00:17:30.000  -1800419.1004  -4498617.7580   4135728.7895   5   6   5.9506   5.5679   6.2974   4.6915  -4.6003  -2.7996   0.00    0.0
2021/12/29 00:17:31.000  -1800419.1122  -4498617.6970   4135728.8965   5   6   5.9504   5.5681   6.2979   4.6914  -4.6004  -2.7987   0.00    0.0
2021/12/29 00:17:32.000  -1800419.3737  -4498617.7447   4135728.7397   5   6   5.9502   5.5682   6.2983   4.6913  -4.6005  -2.7978   0.00    0.0
2021/12/29 00:17:33.000  -1800419.2465  -4498617.8234   4135728.7233   5   6   5.9500   5.5684   6.2988   4.6913  -4.6006  -2.7969   0.00    0.0
2021/12/29 00:17:34.000  -1800418.9594  -4498617.6754   4135728.5427   5   6   5.9498   5.5685   6.2992   4.6912  -4.6007  -2.7961   0.00    0.0
2021/12/29 00:17:35.000  -1800419.0535  -4498617.7109   4135728.6565   5   6   5.9496   5.5687   6.2997   4.6911  -4.6008  -2.7952   0.00    0.0
2021/12/29 00:17:36.000  -1800418.6814  -4498617.4358   4135728.4213   5   6   5.9494   5.5688   6.3001   4.6910  -4.6009  -2.7943   0.00    0.0
2021/12/29 00:19:02.000  -1800414.0601  -4498618.7617   4135726.7452   5   6   5.9319   5.5806   6.3377   4.6834  -4.6080  -2.7158   0.00    0.0
2021/12/29 00:19:03.000  -1800414.4913  -4498618.9305   4135726.5644   5   6   5.9317   5.5808   6.3381   4.6833  -4.6080  -2.7148   0.00    0.0
2021/12/29 00:19:04.000  -1800413.2772  -4498618.3744   4135728.0966   5   6   5.9315   5.5809   6.3385   4.6832  -4.6081  -2.7139   0.00    0.0
2021/12/29 00:19:05.000  -1800412.7016  -4498618.0061   4135728.6312   5   6   5.9313   5.5810   6.3389   4.6831  -4.6081  -2.7129   0.00    0.0
2021/12/29 00:19:06.000  -1800412.5665  -4498617.8539   4135728.6712   5   6   5.9311   5.5811   6.3393   4.6830  -4.6082  -2.7120   0.00    0.0
2021/12/29 00:19:07.000  -1800412.9876  -4498617.9690   4135728.1462   5   6   5.9309   5.5813   6.3398   4.6829  -4.6083  -2.7110   0.00    0.0
2021/12/29 00:19:08.000  -1800412.2639  -4498617.6599   4135728.8981   5   6   5.9307   5.5814   6.3402   4.6829  -4.6083  -2.7101   0.00    0.0
2021/12/29 00:19:09.000  -1800412.6146  -4498617.9808   4135729.1790   5   6   5.9305   5.5815   6.3406   4.6828  -4.6084  -2.7091   0.00    0.0
2021/12/29 00:19:10.000  -1800413.9690  -4498618.5216   4135727.9070   5   6   5.9303   5.5816   6.3410   4.6827  -4.6084  -2.7082   0.00    0.0
2021/12/29 00:19:11.000  -1800413.2987  -4498618.3825   4135728.9423   5   6   5.9301   5.5818   6.3414   4.6826  -4.6085  -2.7072   0.00    0.0
